1740586261729 0.0135 0
1740586291604 0.11451 1
1740586323587 0.16954 2
1740586354936 0.28633 3
1740586391091 0.31988 4
1740586427320 0.50315 5
1740586462300 0.80386 6
1740586493364 0.79115 7
1740586524499 0.85456 8
1740586556097 0.87118 9
1740586587489 0.85434 10
1740586618610 0.64876 11
1740586650570 0.64522 12
1740586684197 0.7748 13
1740586718358 0.8714 14
1740586754300 0.94089 15
1740586791480 0.94526 16
1740586828976 0.96881 17
1740586861493 0.97884 18
1740586909489 0.9758 19
1740586923428 0.9788425971428572 19
