1740586261729 0.00286 0
1740586291604 0.00333 1
1740586323587 0.02792 2
1740586354936 0.5772 3
1740586391091 0.63221 4
1740586427320 0.91007 5
1740586462300 0.99887 6
1740586493364 0.99931 7
1740586524499 0.99942 8
1740586556097 0.99946 9
1740586587489 0.99949 10
1740586618610 0.99951 11
1740586650570 0.99953 12
1740586684197 0.99953 13
1740586718358 0.99939 14
1740586754300 0.99942 15
1740586791480 0.99946 16
1740586828976 0.9995 17
1740586861493 0.9995 18
1740586909489 0.99951 19
1740586923428 0.9994958926380982 19
