1740586253369 0.00012000000000000002 0
1740586283996 0.00024713000000000003 1
1740586314913 0.0003604 2
1740586346771 0.00045981000000000006 3
1740586381540 0.00054536 4
1740586416650 0.00061705 5
1740586454037 0.00067488 6
1740586484837 0.00071885 7
1740586515635 0.0007489600000000001 8
1740586547567 0.0007652099999999999 9
1740586578871 0.0007676 10
1740586609704 0.0007561299999999999 11
1740586641416 0.0007308000000000002 12
1740586674667 0.00069161 13
1740586708625 0.0006140000000000001 14
1740586744529 0.000515 15
1740586780745 0.0004159999999999999 16
1740586819081 0.00031700000000000006 17
1740586851185 0.00021799999999999996 18
1740586895459 0.0001190000000000001 19
